0.736
0.744
0.752
0.756
0.720
0.756
0.780
0.768
0.712
0.724
0.748
0.760
0.728
0.756
0.764
0.740
0.748
0.780
0.816
0.748
0.760
0.796
0.756
0.732
0.752
0.852
0.844
0.748
0.752
0.788
0.776
0.748
0.780
0.824
0.784
0.748
0.776
0.804
0.844
0.792
0.812
0.804
0.772
0.756
0.732
0.800
0.848
0.824
0.744
0.716
0.708
0.684
0.684
0.704
0.656
0.640
0.648
0.652
0.704
0.812
0.768
0.708
0.748
0.812
0.800
0.736
0.760
0.756
0.768
0.772
0.776
0.808
0.764
0.748
0.832
0.824
0.780
0.792
0.872
0.872
0.788
0.804
0.812
0.768
0.732
0.708
0.760
0.888
0.828
0.756
0.808
0.832
0.848
0.736
0.736
0.764
0.856
0.780
0.716
0.712
0.780
0.876
0.772
0.712
0.752
0.808
0.784
0.732
0.696
0.692
0.772
0.884
0.808
0.740
0.692
0.660
0.676
1.052
0.900
0.836
0.800
0.828
0.796
0.796
0.728
0.756
0.720
0.704
0.720
0.752
0.868
0.776
0.716
0.752
0.920
0.812
0.756
0.748
0.788
0.820
0.764
0.740
0.804
0.880
0.776
0.744
0.800
0.856
0.752
0.716
0.784
0.880
0.784
0.708
0.680
0.744
1.088
0.912
0.820
0.736
0.720
0.768
0.856
0.776
0.836
0.756
0.744
0.928
0.904
0.828
0.832
0.844
0.800
0.796
0.776
0.740
0.776
0.788
0.784
0.752
0.668
0.660
0.664
1.000
0.844
0.792
0.740
0.772
0.792
0.800
0.764
0.712
0.712
0.772
0.820
0.752
0.780
0.800
0.780
0.760
0.760
0.784
0.744
0.704
0.700
0.740
0.780
0.796
0.748
0.736
0.756
0.744
0.732
0.748
0.752
0.748
0.748
0.716
0.680
0.676
0.712
0.800
0.772
0.716
0.708
0.748
0.784
0.724
0.728
0.740
0.748
0.728
0.720
0.740
0.884
0.832
0.748
0.692
0.716
0.756
0.776
0.728
0.716
0.768
0.940
0.868
0.752
0.744
0.804
0.804
0.756
0.716
0.680
0.708
0.908
0.824
0.720
0.696
0.772
0.892
0.848
0.744
0.692
0.724
0.824
0.756
0.712
0.688
0.672
0.768
0.936
0.824
0.780
0.712
0.684
0.708
0.828
0.808
0.744
0.696
0.692
0.760
0.804
0.812
0.748
0.704
0.736
0.776
0.760
0.700
0.736
0.764
0.780
0.700
0.676
0.720
0.828
0.796
0.724
0.708
0.792
0.852
0.760
0.744
0.720
0.788
0.832
0.732
0.688
0.700
0.764
0.824
0.760
0.748
0.764
0.784
0.760
0.720
0.700
0.776
0.816
0.748
0.720
0.760
0.764
0.748
0.716
0.764
0.800
0.816
0.764
0.740
0.740
0.788
0.828
0.752
0.724
0.748
0.768
0.784
0.752
0.712
0.692
0.752
0.976
0.888
0.780
0.776
0.724
0.716
0.744
0.788
0.740
0.724
0.788
0.860
0.820
0.796
0.792
0.752
0.708
0.676
0.724
0.992
0.764
0.696
0.680
0.644
0.624
0.628
0.616
0.620
0.696
1.048
0.900
0.824
0.708
0.652
0.620
0.624
0.684
0.968
0.736
0.688
0.732
0.964
0.844
0.748
0.772
0.972
0.912
0.784
0.736
0.792
0.920
0.792
0.724
0.688
0.692
1.068
0.904
0.800
0.744
0.740
0.844
0.860
0.748
0.700
0.676
0.664
0.756
1.060
0.876
0.840
0.784
0.712
0.688
0.712
0.912
0.876
0.752
0.716
0.728
0.856
0.908
0.896
0.856
0.768
0.704
0.688
0.728
0.952
0.844
0.740
0.780
0.836
0.756
0.720
0.748
0.824
0.824
0.744
0.740
0.812
0.832
0.768
0.732
0.828
0.872
0.764
0.724
0.724
0.844
0.892
0.784
0.740
0.808
0.888
0.808
0.744
0.784
0.844
0.784
0.728
0.728
0.800
0.828
0.744
0.720
0.768
0.936
0.816
0.736
0.724
0.796
0.852
0.756
0.724
0.732
0.888
0.880
0.764
0.724
0.728
0.848
0.868
0.744
0.708
0.672
0.700
0.836
0.812
0.824
0.744
0.724
0.772
0.876
0.792
0.740
0.708
0.768
0.880
0.776
0.712
0.704
0.760
0.888
0.772
0.744
0.788
0.796
0.740
0.700
0.760
1.028
0.856
0.776
0.716
0.780
0.824
0.792
0.732
0.700
0.752
0.996
0.800
0.748
0.728
0.824
0.908
0.768
0.728
0.724
0.772
0.856
0.776
0.752
0.756
0.872
0.848
0.768
0.732
0.704
0.740
0.852
0.892
0.804
0.764
0.724
0.716
0.732
0.872
0.924
0.792
0.728
0.752
0.804
0.832
0.744
0.700
0.696
0.764
0.876
0.800
0.728
0.804
0.812
0.796
0.728
0.688
0.712
0.736
0.808
0.792
0.792
0.736
0.696
0.708
0.740
0.800
0.724
0.704
0.748
0.788
0.828
0.776
0.736
0.716
0.720
0.788
0.804
0.808
0.760
0.744
0.716
0.692
0.680
0.728
0.864
0.820
0.728
0.712
0.728
0.796
0.832
0.752
0.772
0.816
0.856
0.804
0.780
0.784
0.728
0.748
0.812
0.800
0.776
0.860
0.848
0.764
0.760
0.808
0.820
0.756
0.732
0.788
0.804
0.804
0.748
0.788
0.780
0.748
0.712
0.752
0.736
0.756
0.720
0.728
0.732
0.772
0.748
0.780
0.724
0.700
0.668
0.652
0.648
0.768
0.912
0.708
0.684
0.728
0.784
0.752
0.712
0.712
0.884
0.860
0.744
0.732
0.844
0.884
0.804
0.732
0.752
0.772
0.832
0.796
0.736
0.796
0.748
0.736
0.752
0.768
0.792
0.800
0.736
0.716
0.748
0.764
0.768
0.732
0.692
0.688
0.720
0.760
0.756
0.704
0.700
0.748
0.748
0.740
0.696
0.736
0.744
0.720
0.708
0.744
0.752
0.788
0.752
0.720
0.692
0.712
0.724
0.732
0.712
0.744
0.740
0.752
0.724
0.692
0.672
0.716
0.768
0.788
0.716
0.724
0.756
0.704
0.696
0.728
0.748
0.724
0.724
0.748
0.756
0.748
0.756
0.708
0.688
0.712
0.720
0.716
0.692
0.752
0.784
0.756
0.736
0.772
0.784
0.740
0.720
0.760
0.784
0.804
0.760
0.824
0.732
0.732
0.752
0.744
0.716
0.760
0.752
0.772
0.720
0.728
0.748
0.776
0.724
0.748
0.780
0.760
0.724
0.764
0.784
0.780
0.720
0.692
0.732
0.736
0.744
0.732
0.808
0.772
0.752
0.752
0.816
0.840
0.764
0.744
0.772
0.780
0.764
0.736
0.780
0.824
0.800
0.740
0.744
0.772
0.796
0.780
0.828
0.908
0.764
0.764
0.872
0.832
0.756
0.728
0.876
0.920
0.792
0.740
0.764
0.724
0.720
0.748
0.788
0.756
0.728
0.732
0.792
0.856
0.764
0.732
0.768
0.820
0.796
0.796
0.764
0.724
0.696
0.696
0.772
0.936
0.856
0.844
0.780
0.712
0.692
0.744
0.816
0.744
0.736
0.768
0.780
0.800
0.768
0.720
0.712
0.748
0.796
0.800
0.756
0.812
0.816
0.836
0.804
0.756
0.776
0.808
0.828
0.752
0.744
0.784
0.816
0.824
0.752
0.776
0.768
0.764
0.788
0.720
0.716
0.684
0.696
0.896
0.864
0.824
0.780
0.724
0.708
0.744
0.760
0.780
0.800
0.744
0.736
0.732
0.768
0.768
0.776
0.776
0.756
0.752
0.712
0.696
0.760
0.844
0.788
0.764
0.796
0.800
0.796
0.728
0.696
0.708
0.744
0.748
0.744
0.804
0.896
0.812
0.784
0.788
0.788
0.752
0.752
0.772
0.820
0.788
0.724
0.724
0.784
0.864
0.820
0.740
0.720
0.736
0.760
0.808
0.764
0.724
0.696
0.732
0.788
0.788
0.740
0.768
0.780
0.756
0.744
0.780
0.856
0.852
0.812
0.844
0.800
0.764
0.776
0.824
0.772
0.788
0.820
0.788
0.744
0.760
0.800
0.768
0.752
0.780
0.760
0.732
0.736
0.780
0.836
0.796
0.728
0.748
0.756
0.772
0.744
0.752
0.784
0.860
0.800
0.764
0.740
0.724
0.696
0.672
0.700
0.852
0.944
0.856
0.752
0.704
0.712
0.764
0.848
0.744
0.740
0.792
0.788
0.752
0.744
0.764
0.828
0.800
0.748
0.712
0.724
0.808
0.920
0.852
0.772
0.720
0.724
0.748
0.764
0.752
0.720
0.704
0.744
0.996
0.848
0.744
0.736
0.756
0.752
0.732
0.736
0.756
0.736
0.728
0.764
0.760
0.784
0.732
0.716
0.716
0.744
0.768
0.728
0.764
0.736
0.704
0.716
0.776
0.820
0.748
0.740
0.784
0.816
0.764
0.792
0.836
0.808
0.736
0.780
0.784
0.764
0.720
0.752
0.812
0.872
0.792
0.740
0.796
0.836
0.864
0.760
0.752
0.776
0.800
0.748
0.696
0.668
0.708
1.184
0.968
0.852
0.728
0.752
0.888
0.896
0.824
0.880
0.832
0.768
0.804
0.916
0.788
0.768
0.864
0.880
0.776
0.720
0.776
0.888
0.864
0.784
0.864
0.908
0.880
0.804
0.848
0.896
0.888
0.820
0.804
0.912
0.908
0.784
0.760
0.876
0.944
0.828
0.768
0.832
0.876
0.824
0.784
0.732
0.696
0.724
1.080
0.924
0.892
0.836
0.812
0.728
0.676
0.648
0.640
0.640
0.700
0.820
0.744
0.716
0.728
0.780
0.696
0.656
0.644
0.636
0.652
0.752
0.840
0.796
0.788
0.716
0.744
0.680
0.668
0.700
0.696
0.716
0.964
0.864
0.776
0.816
0.800
0.772
0.716
0.696
0.744
0.800
0.720
0.716
0.744
0.824
0.868
0.844
0.744
0.732
0.716
0.672
0.640
0.628
0.632
0.692
1.112
0.976
0.960
0.908
0.780
0.788
0.856
0.832
0.780
0.852
1.032
0.820
0.748
0.784
0.892
0.832
0.756
0.788
0.840
0.876
0.780
0.784
0.832
0.916
0.872
0.796
0.792
0.788
0.748
0.820
0.992
0.940
0.888
0.796
0.716
0.752
1.072
0.908
0.880
0.860
0.848
0.868
0.828
0.760
0.784
0.836
0.900
0.820
0.812
0.752
0.716
0.712
0.756
0.928
0.884
0.856
0.740
0.736
0.748
0.844
0.768
0.736
0.780
0.924
0.876
0.824
0.760
0.728
0.708
0.776
0.952
0.800
0.724
0.724
0.740
0.816
0.796
0.736
0.764
0.804
0.804
0.784
0.824
0.836
0.756
0.800
0.848
0.804
0.732
0.712
0.736
0.788
0.892
0.772
0.800
0.800
0.732
0.732
0.760
0.828
0.780
0.728
0.704
0.716
0.768
0.820
0.736
0.756
0.768
0.796
0.760
0.716
0.716
0.752
0.816
0.804
0.760
0.764
0.760
0.760
0.724
0.716
0.688
0.732
0.844
0.868
0.832
0.784
0.764
0.760
0.772
0.760
0.744
0.824
0.868
0.820
0.756
0.792
0.816
0.824
0.728
0.676
0.708
0.896
0.844
0.772
0.792
0.872
0.756
0.720
0.760
0.796
0.780
0.748
0.776
0.824
0.848
0.744
0.752
0.768
0.756
0.716
0.744
0.788
0.780
0.740
0.716
0.792
0.912
0.816
0.776
0.780
0.804
0.780
0.764
0.736
0.760
0.796
0.772
0.804
0.832
0.764
0.768
0.808
0.812
0.728
0.788
0.800
0.756
0.792
0.780
0.760
0.732
0.760
0.796
0.848
0.816
0.844
0.800
0.768
0.832
0.832
0.776
0.752
0.784
0.808
0.764
0.776
0.824
0.788
0.740
0.772
0.812
0.784
0.720
0.712
0.744
0.976
0.760
0.712
0.756
0.836
0.788
0.768
0.752
0.744
0.784
0.864
0.816
0.736
0.788
0.832
0.872
0.748
0.772
0.816
0.768
0.728
0.776
0.864
0.772
0.740
0.752
0.836
0.788
0.736
0.764
0.824
0.920
0.784
0.760
0.784
0.780
0.732
0.748
0.764
0.760
0.708
0.716
0.732
0.720
0.708
0.756
0.804
0.816
0.748
0.784
0.820
0.752
0.760
0.764
0.776
0.732
0.692
0.736
0.876
0.920
0.800
0.820
0.800
0.736
0.752
0.828
0.824
0.752
0.760
0.764
0.772
0.744
0.752
0.800
0.828
0.760
0.756
0.776
0.820
0.800
0.724
0.720
0.764
0.860
0.776
0.700
0.688
0.720
0.692
0.660
0.668
0.668
0.732
0.868
0.864
0.772
0.760
0.776
0.724
0.676
0.652
0.648
0.748
1.132
0.984
0.928
0.808
0.728
0.764
1.088
0.788
0.740
0.800
0.904
0.788
0.740
0.808
0.944
0.904
0.836
0.848
0.816
0.780
0.748
0.784
0.800
0.784
0.808
0.772
0.712
0.744
0.832
0.876
0.776
0.800
0.816
0.816
0.792
0.724
0.736
0.820
0.836
0.764
0.716
0.772
0.836
0.760
0.724
0.760
0.760
0.748
0.788
0.832
0.768
0.712
0.732
0.796
0.784
0.728
0.760
0.836
0.772
0.736
0.752
0.844
0.760
0.748
0.808
0.888
0.808
0.816
0.820
0.768
0.740
0.740
0.892
0.952
0.920
0.840
0.832
0.844
0.836
0.788
0.720
0.772
0.896
0.888
0.868
0.900
0.908
0.776
0.720
0.748
0.828
0.776
0.780
0.848
0.848
0.768
0.796
0.864
0.772
0.772
0.780
0.828
0.792
0.844
0.800
0.808
0.900
0.956
0.900
0.880
0.796
0.748
0.796
0.828
0.856
0.792
0.796
0.884
0.868
0.860
0.792
0.820
0.868
0.888
0.788
0.760
0.792
0.848
0.816
0.756
0.776
0.816
0.892
0.816
0.788
0.832
0.840
0.752
0.736
0.768
0.832
0.792
0.744
0.708
0.784
0.964
0.784
0.740
0.752
0.788
0.768
0.768
0.800
0.748
0.744
0.756
0.764
0.740
0.756
0.760
0.764
0.752
0.732
0.756
0.768
0.736
0.724
0.796
0.832
0.816
0.760
0.776
0.792
0.812
0.728
0.736
0.812
0.872
0.772
0.776
0.792
0.772
0.740
0.748
0.780
0.832
0.768
0.752
0.812
0.816
0.784
0.776
0.776
0.808
0.772
0.820
0.872
0.852
0.776
0.796
0.796
0.772
0.740
0.776
0.812
0.824
0.740
0.688
0.704
0.884
0.868
0.780
0.788
0.852
0.776
0.720
0.728
0.780
0.864
0.804
0.788
0.800
0.804
0.768
0.804
0.852
0.832
0.808
0.816
0.800
0.780
0.836
0.876
0.776
0.760
0.780
0.832
0.752
0.732
0.756
0.772
0.776
0.748
0.780
0.824
0.816
0.768
0.804
0.860
0.804
0.768
0.760
0.800
0.800
0.744
0.752
0.752
0.768
0.720
0.676
0.680
0.748
0.852
0.764
0.780
0.804
0.812
0.760
0.760
0.768
0.744
0.728
0.760
0.756
0.760
0.736
0.712
0.764
0.844
0.772
0.756
0.784
0.816
0.748
0.760
0.780
0.820
0.744
0.764
0.800
0.824
0.772
0.788
0.832
0.832
0.780
0.768
0.792
0.792
0.740
0.744
0.772
0.936
0.780
0.736
0.768
0.896
0.796
0.752
0.784
0.832
0.852
0.760
0.736
0.788
0.840
0.780
0.732
0.772
0.836
0.864
0.772
0.760
0.820
0.832
0.772
0.720
0.752
1.072
0.912
0.796
0.732
0.780
0.892
0.804
0.764
0.908
1.008
0.872
0.760
0.820
0.908
0.792
0.752
0.788
0.916
0.792
0.764
0.912
0.864
0.780
0.824
0.880
0.776
0.800
0.804
0.796
0.736
0.772
0.840
0.784
0.784
0.768
0.760
0.780
0.804
0.708
0.672
0.676
0.768
0.812
0.784
0.832
0.820
0.768
0.764
0.800
0.768
0.756
0.788
0.792
0.748
0.764
0.776
0.756
0.716
0.704
0.736
0.776
0.724
0.744
0.764
0.764
0.716
0.656
0.632
0.636
0.740
0.896
0.700
0.660
0.668
0.648
0.664
0.708
0.712
0.680
0.724
0.784
0.732
0.700
0.712
0.680
0.676
0.688
0.716
0.696
0.688
0.700
0.708
0.692
0.696
0.708
0.716
0.696
0.676
0.716
0.800
0.740
0.712
0.736
0.768
0.760
0.712
0.748
0.788
0.736
0.676
0.688
0.708
0.808
0.808
0.764
0.720
0.736
0.744
0.780
0.700
0.668
0.660
0.656
0.716
1.000
0.804
0.732
0.808
0.840
0.784
0.744
0.856
0.924
0.796
0.724
0.716
0.692
0.652
0.664
0.680
0.816
0.896
0.896
0.876
0.812
0.780
0.848
0.896
0.880
0.772
0.712
0.748
0.904
0.796
0.812
0.884
0.804
0.760
0.796
0.844
0.796
0.768
0.852
0.860
0.760
0.736
0.816
0.928
0.836
0.764
0.808
0.892
0.888
0.848
0.756
0.792
0.868
0.808
0.744
0.812
0.996
0.900
0.772
0.780
0.852
0.944
0.832
0.876
0.884
0.796
0.816
0.808
0.772
0.740
0.808
1.016
0.788
0.752
0.840
0.872
0.788
0.832
0.864
0.824
0.760
0.788
0.872
0.872
0.776
0.840
0.824
0.760
0.792
0.880
0.880
0.772
0.784
0.816
0.812
0.776
0.900
0.948
0.844
0.812
0.820
0.792
0.732
0.728
0.764
0.808
0.776
0.800
0.844
0.832
0.776
0.752
0.804
0.820
0.760
0.768
0.796
0.804
0.752
0.732
0.796
1.044
0.868
0.748
0.852
1.044
0.904
0.844
1.004
0.940
0.804
0.864
0.992
0.844
0.776
1.120
0.988
0.860
0.912
0.856
0.912
0.772
0.732
0.832
1.072
0.844
0.832
0.824
0.780
0.740
0.776
0.848
0.832
0.820
0.936
0.932
0.860
0.904
0.880
0.812
0.892
1.020
0.920
0.844
0.924
0.980
0.900
0.872
0.912
0.860
0.784
0.744
1.172
0.968
0.872
0.896
0.884
0.824
0.760
0.800
0.960
0.832
0.752
0.792
0.940
0.872
0.784
0.800
0.940
0.808
0.732
0.752
0.848
0.884
0.764
0.804
0.936
0.872
0.752
0.712
0.676
0.704
1.036
0.788
0.856
0.892
0.776
0.776
0.820
0.828
0.772
0.864
0.992
0.876
0.808
0.824
0.892
0.816
0.852
0.900
0.828
0.776
0.780
0.792
0.784
0.728
0.756
0.880
0.800
0.800
0.804
0.792
0.708
0.700
0.796
0.948
0.764
0.764
0.784
0.724
0.696
0.744
0.792
0.752
0.776
0.808
0.852
0.796
0.840
0.892
0.788
0.832
0.904
0.884
0.852
0.840
0.824
0.768
0.780
0.836
0.848
0.764
0.720
0.772
0.964
0.828
0.808
0.828
0.844
0.788
0.796
0.804
0.784
0.756
0.788
0.840
0.820
0.792
0.804
0.832
0.752
0.712
0.772
0.812
0.796
0.728
0.744
0.760
0.764
0.720
0.776
0.820
0.788
0.768
0.804
0.772
0.700
0.668
0.668
1.116
0.976
0.900
0.800
0.740
0.800
1.012
0.856
0.788
0.876
0.888
0.800
0.720
0.764
1.124
0.924
0.828
0.820
0.980
0.872
0.796
0.844
0.948
0.840
0.756
0.788
0.980
0.860
0.840
0.868
0.860
0.780
0.804
0.892
0.836
0.756
0.800
0.904
0.828
0.752
0.844
0.980
0.908
0.800
0.800
0.772
0.724
0.680
0.648
0.636
0.624
0.660
1.120
0.920
0.844
0.776
0.848
0.904
0.880
0.784
0.804
0.876
0.904
0.856
0.852
0.912
0.888
0.836
0.840
0.820
0.824
0.808
0.884
0.928
0.780
0.872
0.956
0.860
0.844
0.876
0.876
0.780
0.800
0.884
0.872
0.780
0.872
0.944
0.844
0.868
0.916
0.848
0.804
0.852
0.892
0.792
0.820
0.880
0.828
0.772
0.884
1.008
0.896
0.852
0.904
0.896
0.820
0.784
0.872
0.936
0.796
0.788
0.844
0.876
0.828
0.900
0.960
0.912
0.804
0.820
0.860
0.900
0.820
0.844
0.856
0.756
0.740
0.856
0.936
0.780
0.764
0.828
0.972
0.804
0.780
0.812
0.864
0.796
0.816
0.888
0.864
0.760
0.748
0.792
0.928
0.816
0.832
0.844
0.784
0.720
0.736
0.812
0.808
0.768
0.828
0.908
0.796
0.812
0.812
0.812
0.768
0.848
0.852
0.800
0.736
0.696
0.732
1.140
0.936
0.824
0.916
0.976
0.844
0.780
0.824
0.956
0.840
0.812
0.860
0.832
0.764
0.772
1.100
0.916
0.824
0.788
0.792
0.780
0.736
0.788
0.892
0.920
0.848
0.892
0.820
0.804
0.860
0.972
0.860
0.856
0.824
0.820
0.768
0.816
0.876
0.840
0.772
0.824
0.968
0.828
0.828
1.004
0.976
0.852
0.908
1.000
0.860
0.816
0.924
1.032
0.884
0.820
0.880
0.864
0.776
0.828
1.132
0.880
0.804
0.808
0.828
0.788
0.856
0.888
0.820
0.768
0.824
0.864
0.812
0.728
0.784
0.840
0.800
0.744
0.816
0.820
0.756
0.716
0.764
0.820
0.796
0.716
0.736
0.752
0.724
0.708
0.732
0.764
0.796
0.788
0.804
0.888
0.816
0.760
0.748
0.700
0.668
0.644
0.628
0.644
