0.736
0.744
0.752
0.756
0.720
0.756
0.780
0.768
0.712
0.724
0.748
0.760
0.728
0.756
0.764
0.740
0.748
0.780
0.816
0.748
0.760
0.796
0.756
0.732
0.752
0.852
0.844
0.748
0.752
0.788
0.776
0.748
0.780
0.824
0.784
0.748
0.776
0.804
0.844
0.792
0.812
0.804
0.772
0.756
0.732
0.800
0.848
0.824
0.744
0.716
0.708
0.684
0.684
0.704
0.656
0.640
0.648
0.652
0.704
0.812
0.768
0.708
0.748
0.812
0.800
0.736
0.760
0.756
0.768
0.772
0.776
0.808
0.764
0.748
0.832
0.824
0.780
0.792
0.872
0.872
0.788
0.804
0.812
0.768
0.732
0.708
0.760
0.888
0.828
0.756
0.808
0.832
0.848
0.736
0.736
0.764
0.856
0.780
0.716
0.712
0.780
0.876
0.772
0.712
0.752
0.808
0.784
0.732
0.696
0.692
0.772
0.884
0.808
0.740
0.692
0.660
0.676
1.052
0.900
0.836
0.800
0.828
0.796
0.796
0.728
0.756
0.720
0.704
0.720
0.752
0.868
0.776
0.716
0.752
0.920
0.812
0.756
0.748
0.788
0.820
0.764
0.740
0.804
0.880
0.776
0.744
0.800
0.856
0.752
0.716
0.784
0.880
0.784
0.708
0.680
0.744
1.088
0.912
0.820
0.736
0.720
0.768
0.856
0.776
0.836
0.756
0.744
0.928
0.904
0.828
0.832
0.844
0.800
0.796
0.776
0.740
0.776
0.788
0.784
0.752
0.668
0.660
0.664
1.000
0.844
0.792
0.740
0.772
0.792
0.800
0.764
0.712
0.712
0.772
0.820
0.752
0.780
0.800
0.780
0.760
0.760
0.784
0.744
0.704
0.700
0.740
0.780
0.796
0.748
0.736
0.756
0.744
0.732
0.748
0.752
0.748
0.748
0.716
0.680
0.676
0.712
0.800
0.772
0.716
0.708
0.748
0.784
0.724
0.728
0.740
0.748
0.728
0.720
0.740
0.884
0.832
0.748
0.692
0.716
0.756
0.776
0.728
0.716
0.768
0.940
0.868
0.752
0.744
0.804
0.804
0.756
0.716
0.680
0.708
0.908
0.824
0.720
0.696
0.772
0.892
0.848
0.744
0.692
0.724
0.824
0.756
0.712
0.688
0.672
0.768
0.936
0.824
0.780
0.712
0.684
0.708
0.828
0.808
0.744
0.696
0.692
0.760
0.804
0.812
0.748
0.704
0.736
0.776
0.760
0.700
0.736
0.764
0.780
0.700
0.676
0.720
0.828
0.796
0.724
0.708
0.792
0.852
0.760
0.744
0.720
0.788
0.832
0.732
0.688
0.700
0.764
0.824
0.760
0.748
0.764
0.784
0.760
0.720
0.700
0.776
0.816
0.748
0.720
0.760
0.764
0.748
0.716
0.764
0.800
0.816
0.764
0.740
0.740
0.788
0.828
0.752
0.724
0.748
0.768
0.784
0.752
0.712
0.692
0.752
0.976
0.888
0.780
0.776
0.724
0.716
0.744
0.788
0.740
0.724
0.788
0.860
0.820
0.796
0.792
0.752
0.708
0.676
0.724
0.992
0.764
0.696
0.680
0.644
0.624
0.628
0.616
0.620
0.696
1.048
0.900
0.824
0.708
0.652
0.620
0.624
0.684
0.968
0.736
0.688
0.732
0.964
0.844
0.748
0.772
0.972
0.912
0.784
0.736
0.792
0.920
0.792
0.724
0.688
0.692
1.068
0.904
0.800
0.744
0.740
0.844
0.860
0.748
0.700
0.676
0.664
0.756
1.060
0.876
0.840
0.784
0.712
0.688
0.712
0.912
0.876
0.752
0.716
0.728
0.856
0.908
0.896
0.856
0.768
0.704
0.688
0.728
0.952
0.844
0.740
0.780
0.836
0.756
0.720
0.748
0.824
0.824
0.744
0.740
0.812
0.832
0.768
0.732
0.828
0.872
0.764
0.724
0.724
0.844
0.892
0.784
0.740
0.808
0.888
0.808
0.744
0.784
0.844
0.784
0.728
0.728
0.800
0.828
0.744
0.720
0.768
0.936
0.816
0.736
0.724
0.796
0.852
0.756
0.724
0.732
0.888
0.880
0.764
0.724
0.728
0.848
0.868
0.744
0.708
0.672
0.700
0.836
0.812
0.824
0.744
0.724
0.772
0.876
0.792
0.740
0.708
0.768
0.880
0.776
0.712
0.704
0.760
0.888
0.772
0.744
0.788
0.796
0.740
0.700
0.760
1.028
0.856
0.776
0.716
0.780
0.824
0.792
0.732
0.700
0.752
0.996
0.800
0.748
0.728
0.824
0.908
0.768
0.728
0.724
0.772
0.856
0.776
0.752
0.756
0.872
0.848
0.768
0.732
0.704
0.740
0.852
0.892
0.804
0.764
0.724
0.716
0.732
0.872
0.924
0.792
0.728
0.752
0.804
0.832
0.744
0.700
0.696
0.764
0.876
0.800
0.728
0.804
0.812
0.796
0.728
0.688
0.712
0.736
0.808
0.792
0.792
0.736
0.696
0.708
0.740
0.800
0.724
0.704
0.748
0.788
0.828
0.776
0.736
0.716
0.720
0.788
0.804
0.808
0.760
0.744
0.716
0.692
0.680
0.728
0.864
0.820
0.728
0.712
0.728
0.796
0.832
0.752
0.772
0.816
0.856
0.804
0.780
0.784
0.728
0.748
0.812
0.800
0.776
0.860
0.848
0.764
0.760
0.808
0.820
0.756
0.732
0.788
0.804
0.804
0.748
0.788
0.780
0.748
0.712
0.752
0.736
0.756
0.720
0.728
0.732
0.772
0.748
0.780
0.724
0.700
0.668
0.652
0.648
0.768
0.912
0.708
0.684
0.728
0.784
0.752
0.712
0.712
0.884
0.860
0.744
0.732
0.844
0.884
0.804
0.732
0.752
0.772
0.832
0.796
0.736
0.796
0.748
0.736
0.752
0.768
0.792
0.800
0.736
0.716
0.748
0.764
0.768
0.732
0.692
0.688
0.720
0.760
0.756
0.704
0.700
0.748
0.748
0.740
0.696
0.736
0.744
0.720
0.708
0.744
0.752
0.788
0.752
0.720
0.692
0.712
0.724
0.732
0.712
0.744
0.740
0.752
0.724
0.692
0.672
0.716
0.768
0.788
0.716
0.724
0.756
0.704
0.696
0.728
0.748
0.724
0.724
0.748
0.756
0.748
0.756
0.708
0.688
0.712
0.720
0.716
0.692
0.752
0.784
0.756
0.736
0.772
0.784
0.740
0.720
0.760
0.784
0.804
0.760
0.824
0.732
0.732
0.752
0.744
0.716
0.760
0.752
0.772
0.720
0.728
0.748
0.776
0.724
0.748
0.780
0.760
0.724
0.764
0.784
0.780
0.720
0.692
0.732
0.736
0.744
0.732
0.808
0.772
0.752
0.752
0.816
0.840
0.764
0.744
0.772
0.780
0.764
0.736
0.780
0.824
0.800
0.740
0.744
0.772
0.796
0.780
0.828
0.908
0.764
0.764
0.872
0.832
0.756
0.728
0.876
0.920
0.792
0.740
0.764
0.724
0.720
0.748
0.788
0.756
0.728
0.732
0.792
0.856
0.764
0.732
0.768
0.820
0.796
0.796
0.764
0.724
0.696
0.696
0.772
0.936
0.856
0.844
0.780
0.712
0.692
0.744
0.816
0.744
0.736
0.768
0.780
0.800
0.768
0.720
0.712
0.748
0.796
0.800
0.756
0.812
0.816
0.836
0.804
0.756
0.776
0.808
0.828
0.752
0.744
0.784
0.816
0.824
0.752
0.776
0.768
0.764
0.788
0.720
0.716
0.684
0.696
0.896
0.864
0.824
0.780
0.724
0.708
0.744
0.760
0.780
0.800
0.744
0.736
0.732
0.768
0.768
0.776
0.776
0.756
0.752
0.712
0.696
0.760
0.844
0.788
0.764
0.796
0.800
0.796
0.728
0.696
0.708
0.744
0.748
0.744
0.804
0.896
0.812
0.784
0.788
0.788
0.752
0.752
0.772
0.820
0.788
0.724
0.724
0.784
0.864
0.820
0.740
0.720
0.736
0.760
0.808
0.764
0.724
0.696
0.732
0.788
0.788
0.740
0.768
0.780
0.756
0.744
0.780
0.856
0.852
0.812
0.844
0.800
0.764
0.776
0.824
0.772
0.788
0.820
0.788
0.744
0.760
0.800
0.768
0.752
0.780
0.760
0.732
0.736
0.780
0.836
0.796
0.728
0.748
0.756
0.772
0.744
0.752
0.784
0.860
0.800
0.764
0.740
0.724
0.696
0.672
0.700
0.852
0.944
0.856
0.752
0.704
0.712
0.764
0.848
0.744
0.740
0.792
0.788
0.752
0.744
0.764
0.828
0.800
0.748
0.712
0.724
0.808
0.920
0.852
0.772
0.720
